13.048790322580643
14.161011904761908
18.89516129032258
23.35152777777777
26.938440860215056
29.284444444444443
30.35322580645161
30.378629032258065
28.04625
22.648924731182795
17.450972222222223
14.1133064516129
11.37271505376344
13.685119047619049
18.56518817204301
20.787916666666664
26.64126344086021
28.1925
30.01505376344086
32.06895161290323
29.76388888888889
24.52258064516129
17.852638888888887
12.7383064516129
10.946370967741936
15.063074712643678
19.38897849462365
25.10680555555556
27.45349462365592
31.823194444444447
30.202419354838707
30.051881720430107
27.337083333333336
23.508467741935483
18.172638888888887
11.32298387096774
10.557795698924732
12.203869047619047
16.963306451612905
22.196388888888887
27.10430107526881
29.62180555555556
31.4478494623656
30.69610215053764
27.04291666666667
21.87647849462365
16.592916666666667
14.326881720430109
11.334005376344086
16.45
21.009274193548386
23.860694444444444
28.85658602150537
30.41763888888889
30.64798387096774
30.554301075268818
27.539583333333333
23.67016129032258
17.674722222222222
12.535618279569892
10.453360215053763
12.871279761904765
16.29260752688172
20.75930555555556
28.52244623655914
31.090972222222224
31.395430107526884
31.01868279569893
27.43319444444445
25.088037634408604
19.66430555555556
13.315994623655914
10.964516129032258
13.247701149425287
17.795833333333334
21.703611111111112
26.82217741935484
29.56402777777777
30.7
31.086827956989247
29.91930555555556
25.23951612903226
17.47652777777778
15.346639784946236
13.241532258064517
13.95714285714286
18.281317204301075
22.67277777777777
29.371774193548383
29.123194444444444
31.62688172043011
31.422043010752688
27.67194444444444
23.516397849462365
19.66208333333333
12.893145161290322
9.849596774193548
12.532738095238097
15.170833333333334
25.10305555555556
26.40120967741936
29.81902777777778
30.35295698924731
30.89126344086021
28.923194444444444
22.673521505376343
17.60361111111111
14.8369623655914
12.887903225806452
12.399404761904762
18.91680107526882
22.75333333333333
26.23790322580645
30.70583333333333
31.65940860215053
31.303629032258065
29.23333333333333
24.16424731182796
20.15513888888889
15.20994623655914
13.904166666666669
